start=5010.005000
volume=92.000000
sid=no
