start=6816.977000
fullscreen=yes
panscan=0.100000
sid=2
