start=5761.756000
volume=130.000000
