start=7865.816000
volume=130.000000
fullscreen=yes
sid=2
