start=1446.363895
volume=130.000000
